non dpdk
0.701
0.511
0.526
0.502
0.652
0.519
0.306
0.507
0.508
0.615
0.509
0.510

0.556
0.510
0.498
0.506
0.601
0.508
0.507
0.504
0.505
0.507
0.509
0.514
0.487
0.509
0.511

0.504
0.508
0.504
0.511
0.510
0.516
0.505
0.404
0.504
0.507
0.505



1         1000         7.77         0.13
2         1000         6.97         0.29
4         1000         6.46         0.62
8         1000         6.21         1.29
16         1000         6.27         2.55
32         1000         6.27         5.11
64         1000         6.31        10.15
128         1000         6.49        19.72
256         1000         6.68        38.32
512         1000         6.99        73.25
1024         1000        12.04        85.06
2048         1000        17.34       118.10
4096         1000        19.18       213.55
8192         1000        22.90       357.78
16384         1000        31.03       527.97
32768         1000        45.44       721.08
65536          640        86.27       759.63
131072          320       142.67       918.74
262144          160       253.47      1034.24
524288           80       498.87      1050.96
1048576           40       925.27      1133.27
2097152           20      1836.71      1141.80
4194304           10      3713.08      1129.60
